   9.7025510294637074e-01
   9.5603968037148901e-01
   8.7115559966798106e-01
   1.0323970330260082e+00
   1.0073324519243720e+00
   1.0670651739493564e+00
   9.7203759678385748e-01
   1.0022865534592840e+00
   9.3451252042475264e-01
   9.9485148880945362e-01
   1.0147535621303805e+00
   9.9517833892193230e-01
   9.6634117793103469e-01
   9.9758729052940343e-01
   1.0509092848683568e+00
   1.0246340327362258e+00
   9.0780960376834263e-01
   9.2981358203838638e-01
   9.6883939348764248e-01
   9.5997870000692032e-01
   1.0944548646414496e+00
   1.1467843586178734e+00
   1.1235538323686478e+00
   1.0062949968535635e+00
   1.0221584441861318e+00
   8.9071849387018220e-01
   9.1994157404138721e-01
   1.0081613004426702e+00
   1.0026684495679410e+00
   1.0376203234934329e+00
   1.0879531252893448e+00
   8.8292295665551168e-01
   9.8647032327218132e-01
   1.0470803667284263e+00
   9.8248002983947957e-01
   9.9290206502273082e-01
   9.6648412445288956e-01
   1.0586999609849079e+00
   1.0079419861802674e+00
   9.9681135401761878e-01
   8.6978815893404082e-01
   9.1240022352152406e-01
   9.5258609800408367e-01
   1.0184525900560595e+00
   1.0649425199297606e+00
   1.0597596636378992e+00
   1.0491366797267601e+00
   9.8511205931654677e-01
   1.0830312636585564e+00
   9.9859391542490816e-01
   1.1403396788154385e+00
   9.7812856274971283e-01
   9.5958480595669238e-01
   9.8255851952171935e-01
   9.5361012226537367e-01
   9.7084606715704203e-01
   9.3320733295955238e-01
   8.9905330643093606e-01
   9.6905106092409932e-01
   9.7454202945672486e-01
   9.5827425030077473e-01
   9.9665487033818834e-01
   9.7101262864135485e-01
   1.0848315039340617e+00
   9.3673322797105529e-01
   9.5784685020350979e-01
   1.0055771884825957e+00
   1.0499451560005730e+00
   9.8097110869173521e-01
   1.0178387229539561e+00
   9.9132341395844192e-01
   1.0310009702641771e+00
   1.0485381139735033e+00
   1.0485923063206317e+00
   1.0165226391532092e+00
   9.9725428239039082e-01
   9.7712429176706306e-01
   9.2194150558210963e-01
   8.6091048731108211e-01
   9.6402275647940350e-01
   9.5183884840601662e-01
   1.0888866160277204e+00
   9.7161493892670781e-01
   9.9598137042871626e-01
   1.0162295703134951e+00
   9.7980248819938143e-01
   1.0602232291681069e+00
   1.0185879304030121e+00
   1.0540789181371237e+00
   9.7945298931738234e-01
   1.0735825869038200e+00
   9.4377408890440850e-01
   9.6894832573983791e-01
   1.0085366396694939e+00
   1.0500605464208690e+00
   9.4543305639637143e-01
   1.0651289655643690e+00
   8.9817106516817047e-01
   1.0139087163692695e+00
   9.9266404750227688e-01
   9.5395573865117711e-01
   1.0336528086981678e+00
   9.6224651569530384e-01
   1.0213981704878263e+00
   1.0627835448671694e+00
   9.7097704252928874e-01
   1.0680224553919424e+00
   1.0326262691061558e+00
   9.7756899661700836e-01
   9.9448085704994038e-01
   9.7938300121828215e-01
   9.8272537215454570e-01
   1.0253985667954013e+00
   9.5086456827576193e-01
   9.7184315198135429e-01
   9.8893174265929051e-01
   9.6696610725147736e-01
   9.6846505379662118e-01
   9.8271090655799576e-01
   1.0147288543243425e+00
   9.9784438916253171e-01
   1.0089619654760154e+00
   1.0346187918769236e+00
   9.6088954239550672e-01
   9.8856952274355137e-01
   9.9259988625020601e-01
   9.9962211197314366e-01
   1.0417366667898944e+00
   9.6864703470883784e-01
   1.0530130443282717e+00
   9.2527307810762982e-01
   1.1192972193257142e+00
   1.0083531931817129e+00
   1.0117517224888091e+00
   1.0273833092432811e+00
   1.0027271027909870e+00
   9.4299667763481709e-01
   1.0244740167196280e+00
   1.0501709258929679e+00
   1.0106431220820027e+00
   1.0379260339846270e+00
   1.0262521052509932e+00
   1.0289219808809809e+00
   9.7460444502435695e-01
   1.0075512383100083e+00
   1.0290960198645489e+00
   1.1331022504104042e+00
   9.6297766005358032e-01
   1.0668098913710593e+00
   1.0341203287411158e+00
   9.9086615691920155e-01
   1.0221504738488969e+00
   1.0725640561976049e+00
   1.0574917968094266e+00
   9.4480704912742297e-01
   1.0452186900285645e+00
   1.0586419810347816e+00
   9.8284528162946394e-01
   1.1392879063687140e+00
   9.9599370518723029e-01
   9.2464053726801687e-01
   9.1358007142927866e-01
   9.9458220587591406e-01
   1.0165701409053240e+00
   9.9781665962090482e-01
   9.3916264530605842e-01
   1.0074147924635097e+00
   1.0053652198193495e+00
   9.1562349493081063e-01
   1.0360022273489042e+00
   9.9769847674081258e-01
   9.2792375422604079e-01
   1.0577594457150388e+00
   1.0344911154050580e+00
   9.2949691967352732e-01
   1.0116517766399347e+00
   1.0034518776914487e+00
   1.0868983541101946e+00
   9.8502322663366837e-01
   9.1728088003673225e-01
   9.7964230750243086e-01
   1.0567861800068012e+00
   1.0116770333213132e+00
   9.9744067931078728e-01
   9.5653401338874844e-01
   1.0730529665812545e+00
   1.0312848394733143e+00
   1.0053792296554094e+00
   9.0250923280605533e-01
   9.4710664543219103e-01
   9.5762401163471056e-01
   9.8694528101194801e-01
   1.0436448912957728e+00
   9.5433775644096830e-01
   1.0044586435192953e+00
   8.8000983007948708e-01
   9.8811239655678962e-01
   9.5071041879172036e-01
   1.0407441904924424e+00
   9.2608613080147029e-01
   8.9466322342184235e-01
   9.4989876537232565e-01
   9.6696427520904082e-01
   1.0360830732597339e+00
   1.0160569328271194e+00
   1.0030823172351249e+00
   9.9272940948540678e-01
   1.0345224835079514e+00
   9.7184633919358387e-01
   9.4638013327750303e-01
   1.0029003760733324e+00
   1.0011721438541996e+00
   9.5097828998961065e-01
   1.0309948790461188e+00
   1.0058967275401813e+00
   9.7900350444783435e-01
   1.0728351559795049e+00
   9.6953768935552376e-01
   1.0232718894777642e+00
   9.9230846553049257e-01
   9.7401695618208073e-01
   9.9353494366992057e-01
   1.0433964235888524e+00
   9.9557223723020605e-01
   1.0529494228260319e+00
   9.7576655469032125e-01
   9.5329581125157881e-01
   1.0471210999569838e+00
   9.9277726228699992e-01
   1.0286646184683228e+00
   1.0416898083802668e+00
   9.8683034090954280e-01
   9.6689381849067624e-01
   1.0121933052027523e+00
   1.0245692988321580e+00
   1.0139077259437028e+00
   1.0023146149872333e+00
   1.0337464871239870e+00
   1.0455885841303891e+00
   9.9423682459373774e-01
   9.9922974558505628e-01
   1.0206373489509319e+00
   1.0268982181669568e+00
   1.1133668674694941e+00
   9.9707256672121047e-01
   9.6862336604642918e-01
   9.6351564482885044e-01
   1.0376281189409162e+00
   1.0004338474561749e+00
   9.6036833761376328e-01
   2.9457530735234103e+00
   2.9537300168608693e+00
   2.9924989195113709e+00
   3.0128365786431845e+00
   3.0206307210380641e+00
   3.0129417167904862e+00
   3.0447777823006890e+00
   2.8999561829856972e+00
   2.9897716510712931e+00
   2.9971874400650473e+00
   2.9819860024394629e+00
   3.0595935302091974e+00
   2.9428670313265988e+00
   2.9454743488635931e+00
   3.0265340729230474e+00
   2.9755349330863532e+00
   3.0108699388274780e+00
   3.0051279521019088e+00
   3.0467694435262183e+00
   2.9198361959279877e+00
   3.0313663372149349e+00
   2.9637293059144540e+00
   2.9552694176515102e+00
   3.0543677025675717e+00
   3.0190502154087313e+00
   3.0256146733754998e+00
   3.0447732957370097e+00
   2.9656656148628278e+00
   3.0306036186899514e+00
   2.9810477196946832e+00
   3.0428889449491421e+00
   3.0568047185328120e+00
   2.9705427331774437e+00
   3.0386945654933770e+00
   3.0259937443172387e+00
   2.9857503308906321e+00
   3.1006075939376032e+00
   3.0600451693855826e+00
   2.9611470046020876e+00
   3.0142858284274272e+00
   2.9936127062173821e+00
   3.0279395432198055e+00
   2.9512067117553573e+00
   3.0369720384408780e+00
   3.0793191372929702e+00
   3.0412153525579786e+00
   2.9749246483145813e+00
   2.9887966472414833e+00
   2.9955178919293091e+00
   2.9905835158326135e+00
   2.9918403227791175e+00
   3.0875497068337756e+00
   2.8905252292979755e+00
   2.9203848752503285e+00
   3.0444356674734103e+00
   3.0293816468300188e+00
   2.9602266864662470e+00
   2.9972893819258939e+00
   3.0028031102758574e+00
   2.9629417885855931e+00
   2.9974323636330316e+00
   3.0905903604954976e+00
   2.9732898613116174e+00
   3.0369418598415185e+00
   2.8920003710320903e+00
   3.0545355623991903e+00
   2.9488454825313695e+00
   3.1090243670050732e+00
   2.9124943694456298e+00
   3.0090185051465621e+00
   2.9596348945243722e+00
   3.0628621526536475e+00
   2.9455283669448900e+00
   3.0114160266856214e+00
   2.9494661456485569e+00
   2.9908383966513834e+00
   3.0261820662870513e+00
   2.9837759342407746e+00
   2.9773803200278230e+00
   3.0639274775501164e+00
   3.0032149906473129e+00
   3.0175360086697123e+00
   3.0180229993453764e+00
   2.9819024529738898e+00
   2.9666984472725368e+00
   2.9188075742870123e+00
   3.0169252076328701e+00
   3.0534367918347445e+00
   2.9468504309107622e+00
   2.9783234798499714e+00
   3.0073860925528928e+00
   3.0630510927237977e+00
   3.0968888901298470e+00
   2.9984925697583855e+00
   3.0729841905952853e+00
   3.0066944745098372e+00
   2.9925054644765376e+00
   2.9850598342716306e+00
   2.9784630247040011e+00
   3.0268496777846599e+00
   3.0075286716651357e+00
   2.9889879001098043e+00
   2.9111763131863615e+00
   2.8585952544340700e+00
   2.9402040518387840e+00
   2.9732262235510563e+00
   3.0192842755284475e+00
   3.0082287420081850e+00
   2.9893522491596700e+00
   3.0799957123532198e+00
   2.9835598077507250e+00
   3.0249719300226512e+00
   2.9057016264168034e+00
   3.0908412078578116e+00
   2.9487562311084554e+00
   3.0194929138918956e+00
   2.9890442336297292e+00
   2.9338640441843911e+00
   2.9839578257501067e+00
   3.0287716581703079e+00
   2.9975296625356371e+00
   2.9921590593756657e+00
   2.9392568504287837e+00
   3.0536890152182292e+00
   3.0091824600430015e+00
   2.9521238233563611e+00
   2.9794780005578212e+00
   2.9930864244143507e+00
   3.1054774226387769e+00
   2.9694158335966354e+00
   3.0556970895035209e+00
   2.9077816055283798e+00
   3.0241270141555656e+00
   3.1016230070952182e+00
   2.9349424798388926e+00
   3.0623216899270567e+00
   2.9976428222652940e+00
   2.9535053464927854e+00
   2.9289121073035123e+00
   3.0335000983798506e+00
   3.0385122939215470e+00
   2.9854057374245722e+00
   3.0281302817569111e+00
   2.9685840656227707e+00
   2.9149891165822526e+00
   2.9578413695977699e+00
   2.9017856565676463e+00
   2.8845334267509166e+00
   2.9868628460935427e+00
   2.9931414570842274e+00
   2.9606181620395464e+00
   3.0043631367041326e+00
   2.9986116809815373e+00
   3.0555458838933740e+00
   2.9611949742281984e+00
   3.0229476688891013e+00
   2.9706043719517261e+00
   3.0450777295731934e+00
   2.9631782758784220e+00
   2.9558320530975175e+00
   2.9944811904943260e+00
   3.0130370638501409e+00
   3.0061119142119184e+00
   2.9390959722180163e+00
   2.9515312800855620e+00
   2.9972946573121413e+00
   3.0510776176773566e+00
   3.0592624394377279e+00
   3.0715560809982896e+00
   2.9442273692493193e+00
   2.9375064318318276e+00
   3.0340264197738782e+00
   3.0356226306948160e+00
   3.0093106587663465e+00
   2.9764701549982742e+00
   3.0237597427451859e+00
   2.9742362319318687e+00
   2.9596577565881019e+00
   3.0380620228860429e+00
   2.9403360034364758e+00
   3.0069000857033754e+00
   3.0507651244440308e+00
   2.9743413838371926e+00
   2.9911090608955480e+00
   3.0111454224639695e+00
   3.0412021097033040e+00
   3.0561075105748814e+00
   2.9687800366851307e+00
   2.9799003808486595e+00
   3.0691314639847977e+00
   3.0349748233449034e+00
   3.0180504261031107e+00
   2.9713937253003504e+00
   2.9682209364732999e+00
   3.0433620552937830e+00
   3.0348683722020642e+00
   3.0358012543312483e+00
   2.9670178724116729e+00
   2.9532898234480580e+00
   2.8728747687091762e+00
   2.9881355958444824e+00
   2.9761963036273467e+00
   2.9119053131824542e+00
   3.0478524397338274e+00
   3.0526888475227105e+00
   3.0540474260851838e+00
   2.9315128135768571e+00
   2.9456340683679483e+00
   2.9571716913728254e+00
   3.0306825231953392e+00
   3.0477959164259905e+00
   2.9840286747569551e+00
   3.0486262557570374e+00
   2.9146953347375479e+00
   2.8802666483508794e+00
   2.9335107312244468e+00
   2.9902146214559990e+00
   3.0578153492912472e+00
   3.0726372552937855e+00
   2.9911315335503059e+00
   2.9936698042877388e+00
   2.9937051867105295e+00
   3.0061356155263641e+00
   2.9693890456015315e+00
   2.8930090365763990e+00
   3.0298443795576175e+00
   2.9663986412955126e+00
   3.0353851312692566e+00
   2.9726188000635294e+00
   2.9722940707067695e+00
   3.0167898559761386e+00
   2.9687969529743934e+00
   3.0117062404775967e+00
   2.9502106569319571e+00
   2.9369746543444082e+00
   2.9624369625200235e+00
   3.0355473418408359e+00
   2.9775456064975501e+00
   2.9043012376061679e+00
   2.9946967818867658e+00
   2.9769959203553196e+00
   2.9644201825486047e+00
   2.9309684564540408e+00
   2.9731846265246418e+00
   3.0090471802186394e+00
   2.9998100495984410e+00
   2.9037773499241357e+00
   2.9877094742441241e+00
   2.9356139743162917e+00
   3.0087750512628868e+00
  -2.9046223212254887e-02
   4.6525134531925146e-02
  -5.1675649597698881e-02
   2.3015040810997867e-02
   4.3821802787367130e-02
   2.9523002495999268e-03
  -1.4225922727864630e-02
  -1.3343775996362970e-02
   7.8989176518140511e-02
  -4.0456468185578923e-02
  -4.0923393418434047e-02
   2.9621643930711664e-02
   7.3226122725748841e-02
  -5.3341178185903448e-02
  -5.9417894087156864e-02
   4.1293171014743620e-02
  -1.1279348837708791e-03
  -8.9101221581647155e-02
   5.8275955630815571e-02
  -3.0110681680136892e-02
  -7.3753933764673573e-03
  -1.0019770061199702e-01
   4.0999083661212084e-02
   4.0130738068494048e-03
  -9.2936426309286058e-02
   3.8207467816731511e-02
  -2.2705432354534227e-03
  -3.5807023276276126e-04
  -3.7480345079342302e-02
   1.2016111956235391e-02
  -1.1035199595866912e-02
   4.0528185762257272e-02
  -7.5585891827300328e-02
   9.2603390667688537e-02
   8.3982149499083319e-03
   3.7165148021243836e-03
  -5.3930841522804362e-02
   3.6748654782836503e-02
   1.0580090533806284e-03
   1.1780583247763916e-03
  -3.0030061732806208e-02
  -2.2610198088828422e-02
  -3.6964360780832699e-02
   3.3607866990473932e-02
  -4.6644835679595209e-02
  -1.9749698745644660e-02
  -2.2133033590403018e-02
  -1.9995810287231099e-02
  -4.6267160855321357e-02
   1.3207599166103513e-02
  -3.1141824065780234e-02
   1.0966182052086493e-01
  -3.2900744448201222e-02
  -3.5653223776484534e-02
   9.8497882861759353e-03
   3.5498606482064120e-02
  -2.8156304466775878e-02
  -3.2200423077929981e-02
   3.6500253869208351e-03
  -7.4731209619315550e-02
  -1.7491619486099470e-02
   5.0053715422227474e-02
  -3.1477733806183725e-02
   2.9609103002560568e-02
   6.4556314928345557e-02
  -2.7279717747407191e-03
   8.7145437080066002e-02
  -4.0062007960307011e-02
  -4.0497105457836531e-02
   7.7227401011055810e-02
  -2.7571162867048096e-02
  -1.1250506325396351e-02
   3.6232363314473520e-02
   4.6226533337181044e-03
   1.3541607082935010e-03
  -1.1290468435705565e-01
  -1.8331754148780903e-02
  -1.2293046766686378e-02
   2.3356494816258924e-02
   6.4130128356430463e-02
   3.2846251893812656e-02
   5.8721462529134828e-02
   1.0426245490451565e-02
  -1.9015975943124173e-02
  -1.2485612833206828e-02
  -6.1867860644880493e-02
   6.1765492424121743e-02
  -6.1512960650133647e-02
   6.1222660148160392e-02
  -5.4685870160329879e-02
   1.9586301609486507e-02
   2.1405635032933509e-02
   1.8713965210020955e-02
  -1.1319204321087382e-02
   2.7706981982599296e-02
   6.3804643824887083e-02
   5.3169642701706800e-02
   1.3587699098900092e-03
  -2.8755425090380708e-03
   6.1349193943151775e-02
  -1.8494176478116083e-02
  -1.8886056204794985e-02
   4.2040871205594492e-03
   2.9336089468224504e-02
   2.5568077431670090e-02
   1.0010978295855451e-01
   5.2555316691928660e-03
  -2.5634610015697959e-03
  -6.2943307820175574e-03
  -5.9341615976648769e-02
  -3.2038221480951931e-03
   1.0262083704467724e-02
  -5.9213042711839747e-02
   5.1457832483445078e-02
  -9.7859196469480686e-03
  -6.4233645310891985e-02
  -1.3657021293327343e-02
  -3.8868871006784864e-02
   6.0808152946358530e-02
  -6.0861941768644214e-02
   1.8362016405534139e-02
   5.0139457364693024e-02
   7.5923926570072880e-02
  -1.9398017103872275e-02
   4.9401040496543404e-03
  -1.3041290792858918e-02
  -3.7035082639671528e-02
  -1.1331589972129573e-02
   4.4837428855448960e-02
  -7.8707059631580464e-02
   1.0452430736808807e-01
   6.7747139402521018e-03
  -4.3663605401245739e-02
  -1.6740862491604828e-02
  -3.1231481495043456e-03
  -2.9099603954607856e-05
  -3.4338598986700733e-02
   1.7694117848992871e-02
   2.9465586524583193e-03
  -4.2374571963884541e-02
  -3.7979980574756149e-03
  -5.4115454404884147e-02
  -3.1183568662674944e-02
  -1.4418946677895656e-02
   5.3488482825057374e-02
   2.2270667422174609e-02
   4.7393585969488616e-02
   6.7542514551150127e-03
   8.8371925526325709e-02
   1.7169830707964202e-02
   1.1385030571582665e-01
   4.2447832132690773e-02
  -2.6228573293809912e-02
  -3.0601515563313288e-02
  -1.5828172045176926e-02
  -1.5095434764068294e-02
   8.8908296994794547e-03
  -1.6483547034919763e-02
   4.3193029697704360e-02
   8.8969189725714715e-02
  -6.4768182881894745e-02
  -8.8248920227038119e-02
   9.6444737777995875e-03
  -5.3181110723964843e-02
  -1.5780373798969126e-03
  -1.2278326752789982e-02
  -5.9066699818566305e-02
  -3.7014530205190979e-02
   1.5760584559863792e-02
   6.3543831383780211e-02
  -1.8572919818057840e-02
   6.3177229749893274e-02
   1.3306747816281647e-02
   1.5913959915928753e-03
   2.1956149618355333e-02
   5.2057629421324685e-02
  -6.7205542826091771e-02
  -2.2540522072789413e-03
   2.7587598288185917e-02
   6.7328575225176898e-03
  -6.1742041936529414e-02
   1.7605227891956426e-02
  -6.1911416178724289e-02
  -6.4177022023490321e-02
   9.7848001374119219e-03
   1.5128199730904271e-02
   1.5336377084240538e-02
  -7.6181139895065003e-02
   2.3890128208093719e-02
   3.3068600974215351e-02
   3.6084602761016007e-02
   8.8128095359484640e-02
   3.0539343574816781e-02
  -2.4142988310078096e-02
   1.0267222633214955e-01
   2.1090176362331563e-02
   3.2832645883369180e-03
   3.4089064688768857e-02
  -4.4165827030775928e-02
  -2.8362474887149533e-02
   3.8054901347742802e-02
   4.2156567400349204e-02
  -4.3006005629552257e-02
   4.3997551638794369e-03
   9.1759516512883946e-03
  -6.3022719327193555e-02
   3.0742960870362619e-02
  -5.4338832737739373e-02
   2.6646639836145704e-02
   2.3549571389136385e-02
  -1.7853961851986854e-02
  -1.0240532705330249e-02
   3.0388360314515836e-03
   5.9804840416264361e-02
  -1.4080221224159403e-01
  -7.5059066072388275e-03
   3.7298623097756854e-02
  -1.3629297361351114e-02
  -5.9125390885002717e-02
   3.0544313952030014e-02
   7.6178790108882677e-02
   8.1333548084281421e-02
   5.8333687128982264e-02
  -8.2277508544885664e-02
   5.9015398581315895e-02
   5.6150234107997909e-02
  -4.1496252199983680e-02
  -2.2115877127445380e-02
   1.1351203357116587e-03
  -5.4197107031458538e-02
  -6.3038289181559987e-02
   1.8301764355726344e-01
  -6.0992927913469032e-02
   1.0149970113856833e-02
   6.0185759034601695e-02
  -3.3736203561706486e-02
  -6.8575223237903271e-02
  -1.1437367936757736e-01
   1.7062310426214089e-02
  -2.0165559100029911e-02
   7.7482908140665219e-02
   3.3740501991597990e-02
   3.2814418558380819e-02
  -3.6619898849235888e-02
   3.7604126956368666e-02
  -6.6329749189790024e-02
   3.3290819263879945e-02
   2.1761162951294700e-02
   3.9163309999324228e-02
  -2.4678189600615642e-03
   2.0519960257894363e+00
   2.0226674149319348e+00
   2.0629600964105572e+00
   1.9321303406622219e+00
   1.9407504567154987e+00
   2.0021193693439252e+00
   2.0545298817940809e+00
   2.0372565245809557e+00
   2.0422297028205021e+00
   2.0348747030450927e+00
   2.0262634537422972e+00
   2.0027076275020410e+00
   1.9914456419026305e+00
   1.9737041161011215e+00
   1.9952760090660187e+00
   1.8750926764266000e+00
   2.1161063618865055e+00
   1.9473093424989449e+00
   2.0237646709424784e+00
   1.9398621383235461e+00
   1.9487233386994298e+00
   2.0607940449834508e+00
   2.0024336659807953e+00
   2.0064598930461948e+00
   2.0427454734488633e+00
   2.0075391625779941e+00
   1.9351678937907422e+00
   2.0439052827210848e+00
   2.0361816488250604e+00
   1.9971171646060952e+00
   1.9727599287590063e+00
   1.9934744134505480e+00
   2.0443658440030785e+00
   1.9960067164570978e+00
   2.0007728505287750e+00
   1.9754877481832440e+00
   1.9956334327094418e+00
   2.0466519715914804e+00
   2.0376959224516829e+00
   2.0087211996874057e+00
   1.9691488145542184e+00
   1.9061074501497304e+00
   2.0279403219914633e+00
   2.0429602154572462e+00
   1.9659172612537821e+00
   1.9973351042644536e+00
   2.0831977955173993e+00
   1.9820456298198954e+00
   2.0176723532023315e+00
   2.0601525106108802e+00
   1.9400714452907328e+00
   2.0212182687983953e+00
   2.0009129377091068e+00
   1.9306269629395920e+00
   2.0643647941347267e+00
   1.9349468016299969e+00
   1.9737687991548454e+00
   2.0054811299755193e+00
   2.0226231460732760e+00
   2.0031232724801917e+00
   2.0973627329177451e+00
   1.9849301737704856e+00
   1.9643375604052495e+00
   2.0198063673047013e+00
   1.9831136943434262e+00
   2.0926072566546301e+00
   1.9163845688118235e+00
   2.0024419524795580e+00
   1.9987128607440676e+00
   1.9916875367222793e+00
   2.0698286586440999e+00
   1.9209068240975349e+00
   2.0412139973512970e+00
   2.0783800831507517e+00
   2.0435996822455396e+00
   2.0033111917890585e+00
   1.9783042449933668e+00
   2.0585497661473853e+00
   2.0647054095461823e+00
   2.1036643688293171e+00
   2.0759519249739209e+00
   2.0821776890425867e+00
   1.9592098518646712e+00
   1.9622204348814452e+00
   2.1116159189115802e+00
   1.9750405739176640e+00
   1.9782502084317968e+00
   1.9944280723012153e+00
   2.0547216131968917e+00
   2.0156335140091644e+00
   1.9740490826772354e+00
   1.9971448951322963e+00
   2.0141375212823065e+00
   2.0486757342878250e+00
   1.8741240667223233e+00
   1.9817203537154966e+00
   1.9624649055367871e+00
   2.0380546442480667e+00
   2.0148812368846150e+00
   1.9877445892609498e+00
   2.0290113306714268e+00
   1.9423892083435252e+00
   1.9456160353931182e+00
   2.0116565168004019e+00
   2.0451720025786981e+00
   2.0534221524847460e+00
   1.9825119740962518e+00
   2.0248616108825508e+00
   2.0317252935874661e+00
   1.9362412254927164e+00
   2.0429240960951147e+00
   1.9944611701563790e+00
   1.9451372653522678e+00
   1.9088260587909529e+00
   1.9381097167652159e+00
   2.0033310538844424e+00
   2.0425867347690936e+00
   1.9733850780524504e+00
   1.9988382883555456e+00
   2.0381396549049557e+00
   2.0465711964403748e+00
   1.9996263616270109e+00
   2.0318620929541602e+00
   2.0189689892165252e+00
   1.9269156052216345e+00
   2.1087521227044599e+00
   2.0023838994510843e+00
   2.0202408552575366e+00
   1.9914000610893903e+00
   2.0223773043421298e+00
   2.1029764361622529e+00
   1.9863189047044982e+00
   2.0207558890688548e+00
   1.9948010491432449e+00
   2.0240562632976502e+00
   1.9705770874566901e+00
   2.0267139886988637e+00
   1.9675193538274374e+00
   1.9582606852564071e+00
   2.0722338537880933e+00
   1.9860949764829079e+00
   1.9668740682192496e+00
   1.9743060621194284e+00
   2.0224081704122270e+00
   2.0502538334942804e+00
   2.0394511976624830e+00
   2.0188231482123964e+00
   1.9023335557053662e+00
   2.0167041885074464e+00
   1.9904250002104549e+00
   2.0204992346814854e+00
   1.9342809108249455e+00
   1.9802542726451060e+00
   2.0336918626783542e+00
   2.0690106398350951e+00
   1.9957345955534587e+00
   1.9879841026686802e+00
   1.9950470843807935e+00
   1.9621184469009345e+00
   1.9172849791478614e+00
   1.8508980656218161e+00
   1.9241605296615631e+00
   2.0301575885157486e+00
   2.0389860709128023e+00
   2.0261550971892444e+00
   2.0085983956356741e+00
   2.0444151388917016e+00
   1.9953443561610706e+00
   1.9996957871243983e+00
   1.9416808361442570e+00
   2.0551478460792816e+00
   2.0084072818443728e+00
   2.0074114413395132e+00
   2.0025316125005128e+00
   2.0332448212007672e+00
   2.0139528539606628e+00
   1.9146045012886077e+00
   1.9457799758454717e+00
   2.0156731387957922e+00
   2.0411663256297405e+00
   2.0163508670469601e+00
   1.9723480607067314e+00
   1.9667516387007731e+00
   1.9846120290601950e+00
   2.0475850341201278e+00
   2.0410766890748593e+00
   1.9228274983173950e+00
   2.0292693983725441e+00
   2.0092367834204476e+00
   2.0540529887558812e+00
   2.0168002290849154e+00
   1.9453783845500030e+00
   1.9814459714426129e+00
   1.9590164302923163e+00
   1.9780720882616056e+00
   2.0054550180296613e+00
   1.9692627705414447e+00
   2.0059401080268082e+00
   2.0978757397562666e+00
   2.0271477320170148e+00
   2.0332983558018554e+00
   2.0705268867205056e+00
   1.9595062360998268e+00
   1.8896969089393125e+00
   2.0816989978932199e+00
   1.9217077251884258e+00
   1.9830592814124952e+00
   1.9956135035767886e+00
   2.0225113557693941e+00
   2.0019089616064782e+00
   1.9814166263253485e+00
   1.9934343931254659e+00
   2.0512040896726114e+00
   2.0848519221177853e+00
   2.0388838566512972e+00
   1.9976966065259316e+00
   2.0077130421132883e+00
   2.0086100487405449e+00
   2.0527792610913500e+00
   2.0061201129919120e+00
   1.9854426396720202e+00
   1.9505028137787821e+00
   1.9804307930180292e+00
   2.0332021519046415e+00
   1.9039006592910204e+00
   2.0451873872041482e+00
   1.9433773886849117e+00
   2.0126305460411005e+00
   2.0102157661791784e+00
   2.0747313823026476e+00
   2.0654221387738030e+00
   1.8771667811756712e+00
   2.1468026108997225e+00
   2.0121588360275253e+00
   2.1144848584735176e+00
   1.9045815973272111e+00
   1.9880281396981063e+00
   2.1071703824834254e+00
   1.9975591774932684e+00
   2.0083859770524444e+00
   1.9726404101140704e+00
   2.0253773534408892e+00
   1.9352699212690407e+00
   2.0151923813918509e+00
   1.9281609369058859e+00
   1.9663071337125213e+00
   1.9367357522711439e+00
   2.0413093122093673e+00
   2.0202372083614253e+00
   2.0694515707196435e+00
